ssh_private: !vault |
          $ANSIBLE_VAULT;1.1;AES256
          39333232616335313562366363313039323136623231336632383036613461343561613334386134
          3930333436303539336335366262343463613862313330320a316339303031666635316531353936
          31646537323465633733383832393630663764326637653231303638656664336638396564663066
          6635396438303335610a326339373262383961636536303131623933623861303666393434353761
          38323234633163653536653162636563376463323430613736646636356461326466626137376139
          31633639653837316662303431656333636137366634333739313464623663386333613335653330
          39356665326665363538303062633036396563636437643261353932393232383935613838653230
          65363565333731353732663435653230656366623332396362663838353663363535346330616364
          37323266613435333436353766333962353032333662653164383938343062396535376639383065
          65643333313938306433656666343266323034623562643537333238656564383935356231613761
          63613538373631616265653334636337353862626163373235343065356538623730376237363730
          35636535363637393339346666396561613731643766376361646235633663306164343930613565
          31613266356537363864356535313834363165303230393630666438623365326431393730626663
          33316632623930306337353965373438303564386464323362613463313939336635346364396665
          36323365333238663363343630373135343534363434356135306565376365646131653065366465
          64333365653433363761636265666664336463326462643865383536613536343032353163343732
          36393639386665613238646165353935343333656634313136343738353862616337633766393433
          35316438613064636537313837343032646538643635366365393539386534666331353139346338
          66376532383461386533626464373335323934383138623962646339353432326363386337636238
          34646133636565373938306634623564356464346634646566623161623731656666616362396232
          34356430373932333734353530653431643936373330623731616338313366323739303931313933
          66633032336233353536653965653865383265326264303837306561313365643233353231326165
          32633834396461666333343735393335363066326161326237306365366564376534356566636664
          30636436656166303763363762643837353064343763393537666236646230633665653838346361
          65323662656331303064626234306132653266383934643738353531613665333731323365613865
          66323964393363613133616266366435633763393635396630313234643239376235313464383064
          64353535653162303061316336623464393364396230633361666634383533326463656539336464
          39343439663362363864353365393836303132353539613963363665343536653965656632613134
          38393931323061643363326634333363396531393364313732326465373537343464613834343265
          66346537336131303764613861633538393666653636376162353363623533653763336634383336
          65653862346462646330383035373837376631636238383338326335333037643238396166343466
          31346333393530373464376231343063356530393436343662366139353062663739383436643935
          31336263663834396664663466623733353732656239653765313865393265396231383965366231
          65383833336364663462356632373563666163363461623232636666336465313231353732306139
          37633635303363613564396231626535323632336537363766643335343463383866643633316461
          35316133326134343733326364373439633634303165653863663265653435633738353862373037
          66303466633032396565336435333032366362376465303763663634633439316233336662323936
          32613933366663346637643262336462353539656261353832663561616131353066393062373061
          65346661613466646233383265373836336635306562646532653035353631373338313966303330
          31343834666136346337396234313861386431643231666136666533323537323563356565643037
          30373033643736346264396431316538646131336661666638343365313731646562623937663663
          34613533623434633737383963373633393437613337346362346434393738636634646432386164
          62623765303031373737353063643861373333326237336163393434386563616265646665383137
          32353236363539346463626637636430363061633831636161356663636634333264346662343530
          62356636383431633233353432653363313062373137346235316130363864393363386637376636
          62616338396462623962313138303634326531333532633534666535326261353539666537373434
          38653562333362383334393635303832346362363731626365333538383638653233653864373638
          61323137646233373965646263303966666435353632643135326463393665383564383166666465
          66313364363666346136393965333366316632643966393862613363383536383563646433303436
          33346462343264396135356438313934616335386334643530383232643330396335386335356632
          35626239343630373731356131393336653739636434626634623931326364396366613765396261
          33336163386130363965613439636533623233396663623634653562613235643265663932346466
          39316566393261383839386162396161623639616265623230306130356635306437663365336233
          62306334326233326165653935383630386339396132616662383662383161383565616639623133
          38313334383163303063303961376438366461343439393034336635343730356234333365306662
          61333539376262613863326332313365373565393533663633346565663562316264363063626638
          61623366333635353766393733636363623766333361616139316432356135626261623361616261
          62396161393236303363353438343963386232393331323066643936383865643437663837656139
          32323866323537303637393935323138653735343830666435303035346136623831353332363166
          32313262646134653836653065383333363163363531623666376339323661326266646162313062
          62356634656663323064306235373135363832333761656361656330366164373366623231386166
          33626533626330363162636232396564356465633530646265643863313962393261653266393430
          38386435323438326537643238636261383232373263313335613737386561663532303138383266
          34363261393638653866663661396465333331386436363232383630383961313462356338336333
          63616330623737333139333864353766346632353835633163326463666435306161303461373637
          32623130643133356338643533333233303863623737396132316533346635316461616139333330
          37376134623930316262323138633761626434633133303663656362623833353330333937346237
          32346563386133373131356663623533653435343332383764623539623066313363653533306663
          38306436653430613365343435306131346636313262613564383737636534616138313566373761
          33633436636236646662323238646231313463326636396164656263623963663936653434643832
          38306466343932323966306262623462316566303737633434646366613066396538663434636334
          66623063326531343038633533376537333631396364393930373833393664643130623533633265
          66373539386665363333333137383332643966363438613739316165333330653163613038326264
          64356237323062636137303831633530313037626437373134373437623165336264646266316433
          34653262383862623562323330623862356337383631653936373662343661616335656664626237
          38653334663239646339326130393063653863613766396134666561366433383939623133333865
          65623462663765643533383930636238323463306462343230326138303634636231643831656131
          32313165353835613130663431393563613234386439366639316533356635303464613165613034
          32383734666332386335633561653139633063666366656432613739333833646533626136363162
          64356436383633613862613632663662383035613662343632383866333230356364326635383836
          39636565326462646439316531633532353230633362363936303839343233336133383835376166
          34396539353762306531666431376136616630353534386631373438343266356166343832633532
          66666139376331643664653432303637666635663133613338626666336534356466626236343436
          37303562646266316661643235366135633439613332396265623638613431633964333435623132
          32616636666362636131306231343135363463336631313436303731386538363364613466353132
          39343463343931636237613065356235643262353439366162626463363365666462636334663765
          63373734343237363633326463663563346462353064616438633464396333623062393661316334
          62363131313333626139336437613661373761363330626635366335303138626436333333316231
          64653763363962353162623962663363613637326665633735376332343334636232393734656636
          30373639303436633362303931633364626162653033373333663966386439396336353235396431
          38333039356363646333323134353061386139373434356634626563643032643031376236626464
          65333638343330313434356330613438323466306630373064666133396561303838336130613633
          35306333373834346562623161376266316635356665306637323732623763653834353035386135
          32613864623365663836633130383263326232383038383334346531393031666538643761356435
          34663538386165356435336265613734333365636138383631623963346632326632386564353164
          37383337343739613930626332653761383431626661303334613837386637343137623134373336
          30663065363963633966353963346165626132316466666362373434303561343631303239343664
          63633664303165323563303964626130313734323665323932376165346266326166633266616538
          35393036363637306339323862373164363339646230666231383030353662313631366632633565
          64616639393664343263626464663239366131393639653661316134303065626464363862343737
          36333764353031373630386239323638626465376164613338623536663238653262666339626461
          33323935376238383638386261356465653666376631303539303335636336383362613038356439
          31653833636135653331363633336532393966663236653266323365323733663734393931323834
          31393338323463633630363739373034656635333834393361333533653938616239366262363536
          38613935616565383436623031353830333138646533633934356662613361623538633062343036
          63303461316537396633346632646330373632623439316437343238343337633233386335626161
          61646430623965303364316533636634343962396436303734363061666437646265343530356362
          34333939633166623437353765373534393933333134643661663632333366313436386536613662
          39343938376437373838393037323436653764363261353635626565333537393937633431333166
          65326166306261386530333532306531643638363535386664363639383038373137666133633936
          30656264613962343531613564363737663063393331656634376439646234353866316236393532
          32393364363762333533336337393562383334343161653331633637386163356235313837336135
          61666237356161373765323736386634653765333534393638353832656337623665396231663336
          61616533623437643032323462323061303537383335326538646237366631366134303764616333
          30366366356132323835346236396132376134383735646536633765623331313863663661303534
          36333533656137623531613065313137346564393436643937626362623838636636653262393635
          62323363653132613738376639663766623537656434313532303139636132653737316363643239
          38356236303535633639333962386237643663323866396266613262653936613861333564313634
          63383036313931363536383536396339616639633564613862326665333461373861353564366538
          62646366663132623536313662343037336562306233336538383261306331663066353732326561
          35633136303831646431663061313962313662326138386133353735626266636535373032356464
          66306530643339386534366137616536386664363839306163646531663464313164316339333731
          37633938383139303039616164353639363339623536336666646336343065356237376338613337
          35623930646665623131356433366137313762646535356364303162613365663934386436353036
          34313732393735633666376237646531643335613931356161393533343632326535373636636234
          62623163663935393036613161366562643563383339663033333838396333666564366233643261
          63633665356136316131643030643335383864333138353639336633633863623863633836353634
          61613733326534663363363339366135633138363530643238663666353733383531623930393964
          38343338366133383866376665653436613739643336383766376337643930363165613636353061
          33396262633164366364663732313332613535346134386435663739393536613064313264323263
          66363031363735666333386262613064333964313732323461346165333735353837613261313138
          33383836656635383163646532373465313937393161333234663731396635396236326166313137
          33636164613030633033666437643632373964346637343735343861306237303635313233623737
          39326230393434333230303366363438666463616464313739306235643934663864326565383164
          633036626138616665633837386638613466