ssh_public: !vault |
          $ANSIBLE_VAULT;1.1;AES256
          37396332343534323334663935306136343537323337363665386465376232656364323362626164
          3065386337613132346136656563316134303466303433360a636639386662353435636334326366
          35383831333037363862326430626330393636616630333866363936316431663762353931626664
          3961373639666261640a366265626562613030613836653937666239306462383134366261666439
          63323335326130663365666133323166636539643838633137396662366435666431386335393133
          39386136633938386133303032326462336561633833336130613762626333623665626133366338
          36633333316134346538663838333462633338613364636132613137393638636235643834333063
          66616333336462643330646231313531373165616363663438323638386437323539323039373431
          39356536383931613564393962336262666131623764616433396361376230336566663734306133
          34303666663735346564623962333065336133303139353131313632636438643337313930333162
          39376664613733616135336531656631336662636233363761333530623436333530393462626435
          39373631383038373961306562366535333233396464316632626333376239323130623037303330
          64363832303262383331623839346134303635323061383634613033666436633462353963303265
          39653964323231363432656234373436343137623339663932343932636135633465623837656336
          61303830333763386464666639623736633739353764333863366364643336383366353735636333
          35373531643337323865343335313039313933623865633263343464336431323661623935633066
          62316533303237613930663362393731303730386134373164653338653161343030316131636564
          61306363323062626633343938373830393939623537343037653830663935663566326561333766
          31366261356563626630616631376666376165313439666238646366313464326165363437656431
          36346338633665613432663030333137303264343035326632346165353932343961623231633663
          35386537306163623663656634643737366431323162343163303966643934623838303061336432
          33613938303462376162633635346233643163306538313738393563656438613535616433326264
          65663933376630326238633333323739303236393432386363666632623963666132343263636639
          35333037396132306666633639306463343961326135313761633432386137396163346532636366
          62623738343962343165306431333537363135643635623864376433386534366337633730336164
          33346634623066383365646431646536376335323836333630623163376565336138316334616161
          66363861666338613237633364343231626463373732633835666562353337386335626531656233
          65363961383534303461353161613664303961366462666530396533663730643962383261613531
          64383166343934376462383962346361653931643062636237633938346131653934393934636530
          39343334393530363762316238393339646530303463633830363334396461636331393866643566
          66333134646235396431643030393630646465323561373633383734653138303865396163353539
          34646461373832646363366466393864663864373461636535653438383139313034323339613831
          32383463653236326330663534323236333062386161353665656639306533363731